       N       E                     dE             d eps       ncg     rms          ort
DAV:   1     0.325512455948E+01    0.32551E+01   -0.30194E+02    36   0.212E+01
DAV:   2    -0.565378643066E+00   -0.38205E+01   -0.38205E+01    36   0.479E+00
DAV:   3    -0.105254371464E+01   -0.48717E+00   -0.48717E+00    36   0.205E+00
DAV:   4    -0.111209289248E+01   -0.59549E-01   -0.59549E-01    36   0.671E-01
DAV:   5    -0.112108334195E+01   -0.89904E-02   -0.89904E-02    36   0.283E-01
SDA:   6    -0.111480011673E+01    0.62832E-02   -0.31819E-02    36   0.795E-02 0.000E+00
DMP:   7    -0.111668737852E+01   -0.18873E-02   -0.57799E-03    36   0.839E-03 0.159E-02
DMP:   8    -0.111691154604E+01   -0.22417E-03   -0.30230E-03    36   0.847E-03-0.239E-03
DMP:   9    -0.111712261771E+01   -0.21107E-03   -0.15375E-03    36   0.261E-03 0.322E-03
DMP:  10    -0.111720860983E+01   -0.85992E-04   -0.39702E-04    36   0.815E-04 0.464E-04
DMP:  11    -0.111723709893E+01   -0.28489E-04   -0.31868E-04    36   0.635E-04 0.424E-04
   1 F= -.11172371E+01 E0= -.11172371E+01  d E =-.111724E+01  mag=     1.0000
