H:  -1.11723710
He:  0.00078326
Li: -0.31962795
Be: -0.04392043
B:  -0.29032182
C:  -1.26285740
N:  -3.12410390
O:  -1.54794890
F:  -0.43973771
Ne: -0.01253331
Na: -0.25916963
Mg: -0.01731593
Al: -0.20455150
Si: -0.82355869
P:  -1.88675940
S:  -0.89067791
Cl: -0.25813165
Ar: -0.02492056
K:  -0.25601525
Ca: -0.06382672
Sc: -1.97925120
Ti: -2.39034280
V:  -3.62076840
Cr: -5.45340470
Mn: -5.15473050
Fe: -3.31216460
Co: -1.84500960
Ni: -0.72952393
Cu: -0.23708854
Zn: -0.01312347
Ga: -0.19974580
Ge: -0.77644470
As: -1.70084710
Se: -0.78362945
Br: -0.22708008
Kr: -0.02224455
Rb: -0.25812361
Sr: -0.08774450
Y:  -2.17782440
Zr: -2.34347640
Nb: -3.18009130
Mo: -4.60946000
Tc: -3.25884940
Ru: -2.48054000
Rh: -1.53865070
Pd: -1.47622630
Ag: -0.20285789
Cd: -0.01760368
In: -0.18098383
Sn: -0.67481817
Sb: -1.42809860
Te: -0.65638676
I:  -0.18831170
Xe: -0.01140760
Cs: -0.27167449
Ba: -0.13711586
La: -0.47011851
Ce: -1.39663960
Lu: -0.20581940
Hf: -3.33343760
Ta: -3.70537620
W:  -4.53981970
Re: -4.63976370
Os: -2.88611180
Ir: -1.45874650
Pt: -0.53490517
Au: -0.18618846
Hg: -0.01228862
Tl: -0.16037674
Pb: -0.62308183
Bi: -1.32100690